[CLS]	[-1.5159334e+00 -1.7495315e+00  8.0092603e-01 -2.0780621e+00
 -9.5126927e-01  3.8053757e-01  5.9654576e-01 -2.7901116e-01
  1.9145255e-01 -2.0268269e+00  1.6317585e+00 -1.3718387e+00
  1.5501406e+00  3.6046433e-01 -8.8748358e-02 -1.9522779e+00
 -1.4016761e+00  1.8588564e+00  8.3735269e-01 -1.5669336e+00
 -3.4057939e-01 -1.9310616e+00  1.1828759e+00 -1.7250218e+00
  3.7649900e-01 -8.0385171e-02 -5.0354612e-01  9.1141745e-02
 -1.0424671e+00  3.8073003e-01 -5.1819217e-01  1.3378873e+00
 -2.5513551e+00 -2.1166575e-01  1.8512729e+00  8.3172679e-02
  8.8070047e-01 -1.3530881e+00  1.9650669e+00 -5.0552106e-01
 -1.1626377e+00 -6.5538931e-01  8.3459592e-01 -1.0668445e+00
 -1.4370416e+00 -4.3703881e-01 -1.6929689e+01  7.1313626e-01
  2.7799571e-01 -1.6411679e+00  1.7222295e+00 -1.8585023e+00
 -1.1380595e+00  3.1946058e+00  2.0207262e+00  6.3029921e-01
 -1.8942330e+00 -7.7585340e-01  2.0596209e-01  1.0293186e+00
 -4.1277513e-02  6.7101026e-01 -1.4679339e+00  8.1814003e-01
 -1.0617613e+00 -8.4368920e-01  1.3607762e+00  3.9685535e-01
 -1.2077305e+00  3.3285015e+00  3.4827981e-02  4.5120317e-01
 -3.5402825e-01 -3.3350524e-01 -3.3269125e-01 -1.5270591e+00
 -1.6691561e+00  1.5293827e+00  2.5356948e-01 -1.1660011e+00
 -5.7925767e-01  4.3031582e-01  1.9228821e+00 -5.2640897e-01
  1.2048552e+00  3.4501667e+00  1.2617745e+00 -3.3730838e+00
  2.8606212e-01  2.8869214e+00 -1.1295499e-01  2.9912755e-01
  1.4959258e+00  7.0033950e-01  1.0409533e+00  2.3457497e-01
 -7.9191256e-01 -1.0774312e+00  1.7107199e+00  1.6223664e+00
  2.3173461e+00  1.1188617e+00 -1.7374294e+00 -2.5394149e+00
  1.2560410e+00 -9.0118372e-01 -1.4855582e+00  8.7189037e-01
 -1.5073760e+00 -2.8228693e+00  1.0619448e+00  1.4067860e+00
  7.5325394e-01 -1.0675743e+00  5.8023483e-01 -6.5646613e-01
  2.8881153e-01 -1.1409614e+00  1.2734746e+00 -7.1637541e-01
 -4.8865697e-01 -4.6996303e-02  6.3916224e-01 -1.4112275e+00
  2.6903462e+00  1.8485564e+00  1.5396215e-01  4.7997636e-01
  1.3989344e+00  3.2062616e+00 -1.6663973e+00  9.7498322e-01
 -1.6724231e+00 -3.1566280e-01  9.4044799e-01  9.7089487e-01
  1.3806694e+00 -4.6499464e-01 -1.9506979e+00 -2.6585484e-01
 -2.8299708e+00 -1.2616148e+00 -6.3366885e+00  1.6523811e+00
  2.5834754e+00 -8.2560229e-01  1.7590638e-01  9.4931000e-01
 -5.2402514e-01 -3.3232227e-01  9.6189916e-02  1.0613066e-01
 -6.9810355e-01 -8.0253017e-01 -1.2061955e+00 -4.3177548e-01
 -2.4920142e+00 -1.6548955e+00  1.3796405e+00  1.1609756e+00
 -5.9527123e-01  1.1662253e+00  8.2926148e-01 -1.7662038e+00
 -5.0033820e-01 -1.1947947e+00 -9.0289563e-02  1.4988483e+00
  1.9420618e-01 -1.2647377e+00  1.1061138e+00 -4.6345323e-01
  1.4579773e+00 -4.5637837e-01  1.1149290e+00  7.3280537e-01
 -2.2036839e+00  1.5507655e+00 -1.2009666e+00 -1.6966610e-01
 -1.6668469e-02  2.1596994e+00  1.3568327e+00  1.3421839e+00
  6.4531803e-01 -4.1727203e-01 -1.9495000e-01 -2.5273144e-02
  1.5770466e+00  1.3941750e-01 -1.6795665e-02 -1.9392928e-01
  1.5688114e+00 -2.7785501e+00  5.1806325e-01 -9.6714431e-01
  1.8188378e+00 -2.0299549e+00  1.1734588e+00 -8.7261772e-01
 -3.9384398e-01  1.2856634e+00 -1.6705755e+00 -1.7896724e-01
 -2.0514005e-01  1.0819672e+01 -8.6552733e-01  2.7623805e-01
  2.0153022e+00  3.9546263e-01]
eu	[ 1.2053342  -4.1334715   5.209162   -0.664209    1.2116334   3.6903358
 -1.9095943  -0.8538048   2.9241855   1.9241205   2.9995296  -0.02913064
  2.7699735   1.5336487   0.8795285  -0.64652276  1.8588803   1.8278347
 -0.15110648 -4.333648   -0.8470333   0.5825596   4.126192    2.4304109
  0.10179311  1.180006    1.0279219   1.4499817  -2.7862866  -2.584718
  3.6824222   0.02143563 -2.1522655   0.90946794 -1.3218822  -2.616131
 -3.4525461   0.83956635 -2.796453    1.0945392   3.0624685  -2.3067522
  1.6107521   1.2842612   0.550745    0.83573234  1.1298474   1.4477752
 -1.1015441  -0.3095875  -3.6951098  -2.5190258  -0.8069022  -0.45858535
 -1.2467967   2.658074    0.37911418 -0.32983255  1.8580018   0.60548794
  1.8811371   1.366914   -0.8117315  -2.5765033  -1.336009   -0.9649118
  1.7118461  -1.2681253   0.68071926  4.5408044  -0.32504052 -2.1902072
 -1.8493255  -0.43260604  2.1055562  -3.555207   -2.1802914   0.30117393
 -1.844826   -3.4858844   4.2458863  -0.18930615  3.7398286   0.3029356
  3.2844489   1.1865277   2.4955924   1.345072    2.5313106   2.8496466
  3.6260085  -0.20447415 -1.6230372   0.5362964   3.5351171  -1.8275714
 -1.4062897  -0.82631826  3.4867113  -0.24166101  2.249796   -0.60379153
 -5.214484   -0.824844   -0.37361014  0.23571418 -3.527488   -1.816886
  2.1683998  -2.7615592  -0.36442828 -0.6276093   2.160468    0.16073757
  0.38068298  1.3147446   4.067347    6.548112    0.45165145  2.211701
 -1.2740006   2.964402   -3.148442    1.7815018   4.0248733  -1.5029843
  0.48078847  2.0760546   1.1272852  -0.5689031  -2.944044   -1.0036507
 -1.1486552   2.1434603  -0.6388262   5.251341    1.944287   -0.5101228
 -1.896378   -1.5874541   0.03765847  4.0311036  -3.1307738   4.1508327
 -2.8754547  -0.30963576 -0.441369    0.6059686   0.8634652  -0.00898504
 -0.09210876 -0.07143806 -2.3581614  -3.1595154  -0.2461518   3.3580403
  0.94332016  0.3318703  -1.1327351   2.157279    2.9345598   2.1700833
  0.38454932  0.0105201  -0.40217292 -1.6465192  -1.5880289   0.48372787
 -1.9545103  -1.698071    0.8154414  -4.643715    0.59908366 -2.0348887
  2.8498054   2.0145614  -0.46127874  2.6170676   0.37895977  4.4462066
 -1.2507547   2.422513    2.8830833  -4.2424946   5.502376    2.4973722
  2.1943686  -1.5575035  -1.8228426   0.43260258  3.862727    0.16965355
  0.9172962  -4.0707936  -1.6898069  -5.2887444   2.4384232  -4.115948
  3.8671238  -1.6777898  -2.215955    0.41145402  1.3630161  -0.8615576
 -0.70070636  6.250852   -0.8451085  -3.6172051   1.868228   -3.1389136 ]
##r	[-0.21458718 -1.9212216   2.1638932  -2.8193383   3.651754    3.3176584
 -3.3921943  -2.3413763   1.9085016  -0.6869352  -1.581645    1.4638693
  2.8352246   0.25958014  0.7201355   1.9309856   0.68345565  1.1945022
 -2.3735533  -2.4117808  -2.3081074  -1.356307    3.4729085  -0.09929401
  1.6610315   0.29551166  3.7231672   2.3717046  -4.1848326  -1.2026976
  2.698232    0.40986174 -0.29609725  1.5817449   1.0431583  -2.8175936
  0.3341425  -0.27893344  1.5563567  -0.9545754   1.0872375  -2.0109787
  0.03625112  1.2188178   1.9390783  -1.4208606   1.8130295  -0.7124256
  2.8876219  -0.8393279  -6.2597637   1.2971107  -4.395258   -1.9652352
 -1.990331    3.6970928  -2.0752075  -3.3756888   1.9571608  -0.01718551
  3.2791212  -0.33293438 -1.4971842  -1.6091256  -2.3189836   1.7501645
  3.9335237   2.8650627  -2.6218414   0.06638476  1.499722    2.361217
  1.8668616  -0.5071809   0.8331512  -3.1175404  -2.3044584   1.4931664
 -1.1920149  -6.2264843   2.0495803  -3.1328082   0.60029435  0.27880943
  6.2178683   0.50417614  2.5913117  -0.7816586   2.8373299   2.7477765
  2.189631    2.2765517  -1.8320827   2.2264569   4.389043   -2.3161669
 -0.9388674  -1.5033877   0.23045698  0.907061    3.4026318   0.3796517
 -0.35712388 -1.806247    1.0558612   1.6236434  -2.7619522   0.48538378
  0.44671294 -1.9102644  -1.3283523   0.41003564  0.77543783 -1.6409254
 -2.9681678  -0.85934025  2.012758    3.5902505  -0.42931664  2.344076
  1.8205072   0.46655065 -2.6624277   0.934028    3.7728763   0.6745733
  1.4457629   2.3425927   1.6195568   0.06142625 -0.6380339  -2.1600246
  0.19848773  1.745364    1.5124168  -1.5574497   2.0296888  -2.5636437
  2.0586524  -0.5236414  -2.242315    2.9944992   0.91131806  5.0382943
 -1.3758909  -0.7824279   4.550993   -0.74359715 -1.4946338   5.5380225
 -1.8818504  -2.7593822  -1.6270264  -0.03639302  0.26098847  1.1185663
 -0.93773246  0.65973884 -4.312591    0.5060699   1.4340708   1.7829695
 -0.75941485 -0.0765042  -1.2524934   1.162401    3.1550984   3.9775848
 -4.3682876  -1.62552     0.05585715 -3.3988853   1.278065   -1.2204206
 -0.17656994  0.48220518 -2.832008   -0.3278491   0.15398908  3.0081847
 -0.5175431   4.242072    0.16369197 -2.3682904   3.6300485   0.97368085
  0.24452616  0.9715152   1.8154144  -2.1419587   0.75746167  1.7752866
 -3.1958237  -3.6387966   0.30956256 -2.9617577   2.847282   -2.8668199
  4.597903   -0.01125565 -3.4415696   0.3181976   1.8011222  -2.018744
 -0.87260014  3.1216965   1.1250619  -2.3775003   0.71105075 -4.921205  ]
usd	[ 1.80580854e+00 -3.44824648e+00  2.99502277e+00 -1.21665299e+00
  1.54811263e+00  1.23111475e+00  5.96885920e-01 -3.21466827e+00
 -1.45861065e+00 -5.83274961e-01  1.53197312e+00  1.94854558e+00
  3.02860427e+00 -3.45850021e-01 -1.06428869e-01  6.98274851e-01
 -2.89394498e-01  1.13227797e+00 -1.25272286e+00 -4.59686786e-01
 -6.90219164e-01 -8.70208204e-01  4.56349707e+00  7.04967380e-01
 -8.91883016e-01 -1.13317072e+00  3.34816360e+00 -1.60310686e-01
 -5.61442327e+00 -1.44466043e+00  5.39012432e+00  1.32326722e+00
  6.28812850e-01  7.72417724e-01 -2.67752624e+00 -1.95218766e+00
 -2.84460545e+00 -1.09882045e+00  4.48350310e-01 -1.48607993e+00
  2.47546935e+00 -9.66107309e-01 -4.50722218e+00  8.01147938e-01
  1.22383678e+00 -1.20783377e+00  2.60818958e-01  1.18719149e+00
 -2.33848095e+00 -3.77234221e+00 -4.72098494e+00 -1.08318830e+00
  1.47163248e+00 -1.52343678e+00  1.50340569e+00  4.17001152e+00
 -2.35385180e+00 -1.26125979e+00  1.12964272e+00 -6.01175487e-01
 -4.59719822e-03 -4.28080559e-03  2.51866251e-01  2.03356951e-01
 -4.21636963e+00  1.08902067e-01  9.07340527e-01 -1.61996508e+00
 -6.71112657e-01 -3.98736477e-01  2.82937217e+00 -5.71975827e-01
  8.73531103e-01 -1.81149375e+00  3.10366780e-01 -9.44162607e-02
 -1.91844761e+00  4.09899092e+00  2.31824696e-01 -2.52360249e+00
  2.55482721e+00  3.22075367e-01  1.14326549e+00 -5.88700414e-01
  4.94892788e+00 -6.05874300e-01  1.31617737e+00  2.85784149e+00
 -1.80090320e+00  2.85152197e+00  4.51475525e+00 -5.92936993e-01
 -2.85251522e+00  1.46251476e+00  3.77932858e+00 -1.34434414e+00
  9.46925759e-01 -7.11135089e-01  1.09823442e+00  6.98450685e-01
 -6.63567781e-01  3.68933260e-01  6.68786824e-01 -3.04658985e+00
  3.66823196e-01 -4.85894650e-01 -1.63130414e+00 -1.12078428e+00
  2.09504747e+00  9.97801602e-01 -4.84543610e+00  3.01784396e-01
  1.75551045e+00 -3.20407820e+00  1.83941483e+00 -3.06641150e+00
  1.05062413e+00  4.24009609e+00 -1.72880769e+00 -3.38767946e-01
  1.48478556e+00  7.80033469e-01 -4.21130896e+00  1.34013057e-01
  1.78233528e+00  2.31742525e+00  1.43517780e+00 -5.95407844e-01
  7.03094721e-01  5.80826521e-01  1.01499006e-01 -7.73300886e-01
  2.20169842e-01  1.22459841e+00 -4.51641053e-01 -2.79203486e+00
 -1.83820099e-01 -1.38808131e+00  1.12769842e-01 -1.90481210e+00
 -1.78610897e+00  2.21187472e+00 -1.05582011e+00  3.01908231e+00
  7.55080402e-01  3.36119533e-01  4.67440844e+00 -2.16637015e+00
 -1.04870033e+00  6.97157502e-01 -7.06550002e-01 -1.06075771e-01
  3.33431289e-02 -4.06542420e-01 -4.77104282e+00  3.97585726e+00
 -1.71514940e+00  1.38095915e-01 -5.28994179e+00  1.87702489e+00
  3.83710670e+00  5.00801277e+00  6.20081186e-01  5.94333649e-01
 -1.02863336e+00 -1.02312016e+00  2.50786400e+00  5.10939741e+00
 -5.27298260e+00 -4.91455555e+00 -3.26722598e+00 -3.94738340e+00
  1.06301045e+00 -1.66116846e+00  4.45116663e+00  2.52576232e+00
 -1.58409417e+00 -5.59248865e-01 -1.67452800e+00  1.62966454e+00
 -6.58747852e-01  2.62355804e+00  1.39326155e+00 -4.89834738e+00
  4.62230158e+00  9.00073722e-02 -3.39060926e+00 -2.41031694e+00
 -4.95394647e-01  4.84864473e-01 -3.02171302e+00 -1.04722463e-01
 -2.73274589e+00 -2.73196673e+00  1.15829802e+00 -1.61027050e+00
  2.93645287e+00 -3.02954936e+00  6.99337196e+00  8.03845644e-01
 -7.04597116e-01 -8.04586053e-01  2.07893538e+00 -4.03890419e+00
 -2.09332085e+00  4.47662735e+00  1.47572613e+00 -2.92063570e+00
  6.68809533e-01 -2.09113979e+00]
through	[ 1.9272207  -0.770756    2.2893171   0.3118677  -0.0386136   2.8371851
 -0.36749387 -0.90274954  3.15887    -2.9311228   0.99316597  0.62718105
  5.328461   -1.468983   -0.19222063 -0.516211   -0.7785836   0.26778477
  2.4548578  -2.8613257  -2.6756773  -1.997036    3.1222124   1.1610602
 -1.9939463  -1.1234126   3.9406147  -3.1138656  -4.101821    0.66129875
  6.914283   -1.4175966   0.93906987 -3.44589    -0.8876158  -1.6922199
 -0.9024383  -0.88337535 -1.5071965  -0.92610794  1.8516433  -0.23224923
  1.1721232   1.8897855  -2.767757   -2.7930217   1.6171254   3.2181787
 -0.5120079   1.0474749  -3.7167814  -1.9377501   1.8329004  -1.0732844
  0.6544873   2.8575208   0.219129    0.14111948  1.8314574  -2.6320243
 -2.0403502  -1.9392734   0.01793896 -2.3068151  -0.6464946  -0.7612057
  4.6164436   2.7189908   1.6862571  -2.1822996   3.908412    1.381571
 -3.5060287   0.68502015 -1.331234   -0.30193466 -1.3561375   2.6680179
  1.3190582   2.0085473  -0.8727638   2.6243079   1.18184    -0.75860894
  3.2638113  -0.85307723  2.5152988   1.8921821  -4.2824793   2.2928119
  2.6366162   2.6451173  -0.2850293   1.6857121   1.5927906  -0.42320183
 -0.05196653 -2.0130582  -1.0640032  -2.8124952  -0.4905606  -0.0769859
  0.19771388  0.8381107  -1.758843   -0.25373355 -3.7153707  -0.22538841
 -0.95677966 -2.0787086  -0.47154546 -1.9694386  -2.2690096  -3.0952377
 -0.30500278 -3.666382   -0.38813168  2.7321045   0.78712714  2.6785283
  4.0991964   1.368734   -2.6532154  -0.56489444  1.8278749   2.1857793
  1.0960922  -1.3655002   0.6871588  -2.494317   -0.35589007 -1.5864545
 -0.4994375   0.38084126  1.3688824  -2.37702     2.1466622  -0.89550686
  1.0101057   0.8184726  -2.6400886  -0.80415505 -1.7690628  -0.9867259
 -1.7723819   1.2655932   3.4079967  -1.7925491  -1.9183306   2.0008068
 -2.8161223   0.2635588  -0.02581253 -0.7974079  -1.6406031   3.102879
 -0.9217011   1.6685293  -0.64669186  2.3120713   5.5872316   2.0857205
  1.892089   -5.081475   -0.85480696  0.29587847 -0.6605653   2.7680407
 -1.6833396  -1.1904851   1.5406301  -3.722076   -0.70157164 -2.0653079
  4.365275   -1.2939439  -0.9413755  -1.7052617  -1.8551941  -1.0693437
 -1.8150369   2.8284538   1.5531148  -1.5987992   1.2736378  -0.91755563
 -2.4157584  -1.3336833   1.5308846  -0.5881339  -3.19187     1.3192346
  1.5165877  -2.0090303   3.581318   -5.3687997   2.458261   -3.209499
  4.546999    0.8579619   2.2162497  -1.5774578   1.2641656  -2.4220521
 -0.30193058 -0.19183975  4.387746   -0.5515317   2.3965878   3.251206  ]
boosted	[ 1.187109   -0.93759084 -0.372792    1.2695985  -1.2163105   0.64471376
 -0.6045361  -1.3298335  -0.26857483  1.89901     0.84923905  2.2138157
  5.494625   -2.5675702  -1.8654603   0.6759761   0.65022737 -0.9228902
  2.3189616   0.57004565  0.7644314  -1.807954    2.9657443  -2.69691
 -1.3778483  -0.7384951   0.91984886 -0.87780035 -1.8981147  -1.6989282
  1.4862636  -0.16613942  1.9443027  -0.0340088  -0.42047316 -4.8842134
  1.0154731  -2.8067412  -1.1521468  -5.220365    0.01361088 -1.3091315
 -0.75603765  0.6101809   0.34309423 -1.4353149  -1.6415186  -0.6232517
  0.99111634 -2.257374   -6.3200264   0.4460783   0.09207834 -1.8267403
  3.162671    2.9956117  -0.6215119  -1.0199088   2.608386   -0.8179711
 -2.0138464  -0.23025045 -0.39432016 -0.9934283  -0.8164303  -3.4321842
 -1.9173684   2.5853648  -0.07154576 -3.2991343   2.0237062   4.62521
 -2.442473   -0.07892132 -0.6898692   0.9379337  -1.964734   -0.03524362
  2.4604168   0.77753145  2.2250826  -1.571611   -2.6482284   2.7871275
  2.4005022   1.1784856  -0.7633562  -1.2421893   0.0390238   1.7450829
 -0.67226     2.020353   -0.5423798   2.016551    0.54666126  0.59442514
 -0.53906584 -1.6670214   2.5770285  -3.711451    0.8651313   0.22679001
 -1.0411022  -0.94815385 -0.62411284 -1.0346038  -1.7405856  -2.4421802
  1.7902236   0.3884151  -0.09259748  0.731212   -0.9706591  -1.5580924
  2.994216   -1.2154305   1.6918681   1.9801397  -0.01954493 -0.24857093
 -0.4259899   1.8265009  -2.7841148   0.26939696  1.3452923   3.2803893
  3.2878132   0.12393573  3.2423606   3.366311    0.8216933   0.69539225
 -2.0650148   0.40121713 -0.04549518 -2.3392742   1.8859276  -1.2465818
  0.53626984 -0.38695377 -1.5232822   3.6143246  -2.5202875  -2.4154863
  1.2849224   0.76537454  4.854418   -5.783186   -2.1967392   3.2885833
 -1.7716236   1.4721913   0.18712199  2.2706602  -1.893559    3.3562582
 -1.151338   -1.3477616  -6.5203753   2.2842402   3.4444776  -1.2657636
  2.2708964  -2.6874764   0.12618756 -2.3922138   2.3812995   1.5881871
  0.9871504  -0.08336994 -2.0052395   0.00843899  1.4357126   1.9226619
 -0.46359676 -1.9255629  -1.3902268  -0.94018155  0.73038995  3.5207303
 -1.4196466   5.0349493   2.8616495  -4.927946    3.3383303   1.6433771
 -0.810867   -0.25361302  6.791036    1.6014489  -1.1308212   1.0577317
 -1.1642517  -2.5002868   2.6096754  -2.9464898   3.8034     -1.4668697
  1.627678    0.05487642 -3.2651978  -0.4286007   0.3905169  -3.0182424
 -0.22851355  0.5479105   3.484685   -3.1591535  -0.72256434  0.8001079 ]
by	[-1.2620605e+00 -2.4422703e+00  2.1335196e+00  1.2107995e+00
  7.5483286e-01  6.1193180e-01  2.4662950e+00  1.8183684e-01
  2.0501530e+00 -7.2518760e-01  2.3933463e+00 -1.3085958e+00
  5.0833149e+00  1.1703877e+00 -2.9059720e+00  2.5077343e-01
 -3.4969249e-01  9.7948611e-01 -2.1131327e+00  2.0806873e+00
  4.5082819e-01 -1.2299660e+00  1.4416399e+00 -8.6574137e-01
 -8.4921622e-01 -3.0491996e-01  1.8090570e+00 -1.5729010e+00
 -2.8361771e+00  1.4180825e+00  2.3341093e+00  1.2732655e+00
 -4.9305558e-03 -6.4013201e-01  9.3902057e-01  2.6774678e+00
  1.0784241e+00 -3.0742013e+00 -1.6406276e+00 -2.8914905e+00
 -1.4919662e+00  1.4921477e-01  9.1759712e-01  2.7702549e-01
  1.2325134e+00  3.8933155e-01  2.4443083e+00  2.0078461e+00
 -1.3430762e+00 -2.0916021e+00 -9.7472543e-01 -3.3379261e+00
 -1.3561534e+00 -1.8255217e+00 -2.1585400e+00  1.8032724e-01
  1.3164027e+00 -3.7216556e+00  3.0475931e+00  2.6031086e-01
 -2.8221812e+00 -1.6194030e+00 -2.0242259e-02  3.0958825e-01
  2.8595595e+00 -1.0695298e+00  1.0297416e+00  2.0571758e-01
 -1.0559256e+00  5.5368155e-01 -1.1775638e+00  1.7363373e+00
 -1.2820944e+00 -2.8594190e-01 -1.5583458e+00  3.7932873e-01
 -9.5490241e-01  1.7625972e+00  9.2885101e-01  8.0514944e-01
  5.0427085e-01  7.4092042e-01 -4.6633167e+00  2.0974140e+00
  2.1589308e+00  2.8531556e+00 -1.3212719e+00 -2.0163214e-01
 -7.4879485e-01  4.5687065e+00  1.0527757e+00 -5.1784813e-01
 -3.0343002e-01  2.3912468e+00 -1.3675487e+00  1.2328949e+00
 -8.6504394e-01 -9.7718406e-01  1.7918333e+00  7.3228872e-01
 -3.1940196e+00  8.8604563e-01 -3.2196183e+00  1.3834627e+00
  4.6324095e-01  1.5181797e+00  6.4627635e-01  1.8156650e+00
 -1.2967000e+00 -2.2274709e+00 -9.7033823e-01 -6.3384479e-01
  2.4407275e+00 -9.9146587e-01 -8.4461078e-02 -2.5202370e+00
 -5.0857162e-01  3.1359675e+00  3.3080306e+00  6.7587060e-01
  7.0910209e-01  3.9232290e-01  5.3697997e-01  8.7121511e-01
  9.0000111e-01  2.5397241e+00  1.8315766e-02  1.0707158e+00
  3.4761271e+00  6.8746865e-01 -7.9358232e-01 -3.4593260e+00
 -9.3559992e-01 -2.7630322e+00  3.4820137e+00 -2.5767386e+00
  2.8131263e+00 -1.3161788e+00  3.6408278e-01  2.0080695e+00
 -1.7536500e+00 -1.1416926e+00 -3.0061450e+00 -3.3117545e-01
  1.8653802e+00  5.7768160e-01  1.4181651e+00 -3.0624576e+00
 -2.3876533e-01  2.6571758e+00 -1.1674237e+00 -1.9058511e-01
 -9.9059409e-01  1.0208328e+00  1.9132421e+00  9.9459565e-01
 -2.3455098e+00 -1.6454604e+00 -1.3968498e+00  1.4993806e+00
  3.7625277e-01  2.0673251e+00 -1.2831840e-01 -5.6248754e-01
  3.9505720e-01  7.4966812e-01  1.5105137e+00  2.0831218e+00
  3.5264224e-02  3.8984820e-01  2.6779635e+00 -2.4733689e-01
 -1.0962541e+00  1.9174511e+00  1.7521799e+00 -1.1341385e+00
 -2.1405883e+00  6.0953027e-01 -2.3216912e-01  2.6808906e+00
  9.5927119e-02  1.4797847e+00  1.9542320e+00  4.3512708e-01
  2.2756140e+00 -1.4139626e+00  7.7723759e-01 -5.8920974e-01
  3.8226681e+00 -4.7896630e-01  3.3583665e-01  1.9114563e+00
 -4.7109133e-01 -7.1452898e-01  8.6546350e-01 -4.9778247e-01
  6.1873859e-01 -2.9905562e+00  1.4569907e-01 -3.8739169e-01
 -4.1930127e+00 -8.1876576e-02  6.8603677e-01 -2.7445281e+00
  5.7289934e-01  1.5779479e+00  1.3199736e+00  2.3717132e+00
 -6.7116809e-01 -1.6072482e-02]
